simple_rnn/simple_rnn_cell/kernel:0
(1, 80)
[[ 0.15211645 -0.14161894  0.17543356 -0.20814048  0.15371181  0.21552382
  -0.01162199  0.2516162   0.08509897 -0.18176033 -0.00745372  0.04805801
  -0.21015592 -0.19197778  0.1919517   0.19558795 -0.12289996 -0.03702037
   0.12194362  0.16614057  0.16458742 -0.09172093  0.1879765  -0.00717192
   0.07343851 -0.10471515  0.19459598 -0.00966868 -0.11861101  0.0355296
   0.16412224  0.00952906 -0.09106318 -0.1969885  -0.1326895  -0.06756087
  -0.03669989  0.08540994 -0.00486458  0.01284004  0.20802252 -0.08156218
  -0.21404839  0.17043577  0.05868125 -0.1333239  -0.148998    0.12740707
   0.03773628  0.03507141 -0.19318345  0.09469016 -0.1503592  -0.06900711
   0.22287568 -0.17881432 -0.22328623  0.2084458   0.04052215 -0.04227299
  -0.15720972  0.12507649  0.18536651 -0.12690476  0.17900713  0.21459825
   0.05662813  0.07687634 -0.08698271 -0.09742352  0.09621576  0.2185313
   0.14867985 -0.05632591  0.16167016 -0.10884324 -0.21901523 -0.10441717
  -0.1821521  -0.20246887]]
simple_rnn/simple_rnn_cell/recurrent_kernel:0
(80, 80)
[[-0.2496213  -0.1827776  -0.06038177 ... -0.13942769 -0.07240082
   0.06536932]
 [ 0.03004986  0.08445825 -0.13985841 ... -0.20089625  0.05709183
   0.14627573]
 [ 0.01412913  0.20246588 -0.17356697 ...  0.17184456 -0.00472831
  -0.06089831]
 ...
 [-0.04562869  0.15350382 -0.02424105 ... -0.06575666  0.00191782
  -0.13282958]
 [-0.03957678 -0.00352474  0.18950158 ... -0.1010689   0.01572284
  -0.15195622]
 [ 0.10069032 -0.17236568  0.12028582 ... -0.06357884  0.0798667
  -0.08833835]]
simple_rnn/simple_rnn_cell/bias:0
(80,)
[-0.00947764  0.00270281 -0.01985499  0.02120911 -0.01039651 -0.01245028
  0.00309916 -0.00387817 -0.00731935  0.01100781  0.00031366 -0.01255328
  0.00867118  0.01325433 -0.01425613 -0.03050465  0.01098751 -0.00634348
 -0.00216161 -0.0217021  -0.02210804  0.00580346 -0.00126321 -0.0025127
 -0.00198256  0.01232939 -0.02840082 -0.01001523  0.01893372  0.00580893
 -0.01608395 -0.00363638  0.00485409  0.02373138  0.02089099  0.00214857
 -0.00075884 -0.01092197  0.00266795 -0.00132654 -0.01298956  0.00594529
  0.01625964 -0.0115595  -0.00339904  0.02371028  0.00934967 -0.00303097
  0.00194253  0.00192921  0.00625777 -0.01225813  0.01862993  0.0140526
 -0.01449028  0.02626201  0.02215994 -0.01902129  0.0007305   0.00491204
  0.01866114 -0.00573746 -0.01290581  0.00213057 -0.01440922 -0.021346
  0.00038269 -0.01288055  0.00333991  0.00519038 -0.00853082 -0.01151995
 -0.02169355 -0.00085083 -0.00993439  0.01057784  0.01282657  0.00227984
  0.01602569  0.00620211]
simple_rnn_1/simple_rnn_cell_1/kernel:0
(80, 100)
[[-0.10578161 -0.03851224 -0.01333222 ...  0.1637928   0.0738368
   0.1105835 ]
 [ 0.00460701  0.03472067  0.01019578 ... -0.0179436  -0.08778029
   0.06031924]
 [-0.13213721  0.0640572  -0.08193059 ...  0.12094516 -0.07430918
   0.1085616 ]
 ...
 [ 0.03991709 -0.01484791 -0.06476232 ...  0.04730294  0.15448388
  -0.14497742]
 [ 0.05335341 -0.11023537  0.02993217 ...  0.01035019  0.16738352
  -0.13466331]
 [ 0.10288976 -0.12222153 -0.12935857 ...  0.09381394  0.11009677
  -0.18038978]]
simple_rnn_1/simple_rnn_cell_1/recurrent_kernel:0
(100, 100)
[[-0.12779577 -0.08985675  0.08888695 ... -0.04645662 -0.19557181
  -0.06250516]
 [-0.01470536 -0.00846117 -0.03246854 ...  0.11983584 -0.01919294
  -0.11695753]
 [ 0.06738832  0.0669257  -0.00631223 ... -0.0937712  -0.0809807
  -0.03877946]
 ...
 [ 0.11407823 -0.05072779  0.03007784 ...  0.05575013 -0.01046932
  -0.0342383 ]
 [ 0.12100469  0.0651452   0.04248762 ...  0.09674406 -0.03546846
  -0.07560039]
 [-0.04453274 -0.1418219   0.11082149 ... -0.00240981 -0.11056913
  -0.00978389]]
simple_rnn_1/simple_rnn_cell_1/bias:0
(100,)
[-4.80373576e-03  1.43405776e-02 -5.24892705e-03  1.00133698e-02
  7.95507876e-05 -3.40843247e-03 -1.80034768e-02  4.37222980e-03
 -6.02101767e-03 -1.42787378e-02 -7.45391287e-03 -3.24890576e-03
  1.57606862e-02  3.13459942e-03 -4.05234098e-03  9.40457359e-03
  8.99755117e-03 -7.73198530e-03 -9.36946366e-03 -5.14507527e-03
  2.18921155e-03 -4.77847178e-03 -2.30383500e-03 -8.03266093e-03
 -5.74664562e-04  2.61509418e-03  5.02263987e-03  6.15652651e-03
  8.12423415e-03  6.49517309e-03 -2.36246735e-03  1.41572645e-02
  1.15371274e-03  4.24340833e-03 -5.70589490e-03  1.07933506e-02
 -9.41854808e-03  1.24197081e-02  8.10220558e-03  6.51771203e-03
  3.00643221e-03  2.05672849e-02 -2.92588118e-03 -6.75989129e-03
 -6.62236800e-03 -4.66781389e-03  1.72277819e-02  5.48692932e-03
  5.11550158e-03 -5.95674443e-04  4.69742529e-03  4.61540138e-03
 -7.54001411e-03  1.30465031e-02  1.65936886e-03 -2.67585292e-02
 -6.37608254e-03  3.58408480e-03 -4.12301626e-03  2.70432234e-03
  1.30384238e-02 -3.76270013e-03  8.27888399e-03 -7.81385321e-03
 -5.21281763e-05  1.68550119e-03  4.13908670e-03 -4.49165842e-03
  1.00216279e-02 -4.51401528e-03  3.08324723e-03 -9.40577034e-03
 -1.58024170e-02  9.09277797e-03  4.44616098e-03  1.08564310e-02
 -7.05292402e-03  1.06282718e-02 -5.14915539e-03  4.16190596e-06
  7.92059675e-03  3.55876307e-03  1.49094453e-02  1.32065583e-02
 -8.58912431e-03 -6.30263891e-03  1.14979863e-03  3.73437000e-03
 -2.12231334e-02 -3.32741532e-04 -5.58359257e-04  1.00126248e-02
  4.85372869e-03 -1.29958978e-02 -4.08946071e-03 -9.70617984e-04
 -4.78182017e-04  1.21370707e-04 -2.05481704e-02  4.94160224e-03]
dense/kernel:0
(100, 1)
[[-0.17945305]
 [ 0.10089624]
 [-0.13781478]
 [-0.02232974]
 [-0.10422923]
 [-0.01069134]
 [-0.14327696]
 [-0.2218405 ]
 [-0.07633087]
 [-0.10349228]
 [-0.14809588]
 [ 0.05770744]
 [ 0.0915262 ]
 [-0.09604345]
 [ 0.01076013]
 [-0.1248203 ]
 [ 0.1514265 ]
 [-0.19564646]
 [-0.13572356]
 [-0.19743223]
 [ 0.15805246]
 [-0.15583876]
 [-0.14854741]
 [ 0.17926678]
 [ 0.06596889]
 [ 0.14454764]
 [ 0.19954693]
 [-0.1604822 ]
 [ 0.15856433]
 [ 0.1837666 ]
 [-0.18622985]
 [ 0.13619465]
 [ 0.03673271]
 [ 0.17045346]
 [ 0.20080423]
 [ 0.11678549]
 [-0.16177419]
 [ 0.03821073]
 [ 0.12835135]
 [ 0.19243397]
 [ 0.11435916]
 [ 0.20366722]
 [-0.1759797 ]
 [-0.073782  ]
 [-0.1751664 ]
 [-0.21317127]
 [ 0.08406024]
 [-0.02773733]
 [ 0.09026542]
 [-0.14839436]
 [ 0.17506488]
 [ 0.075259  ]
 [-0.1821103 ]
 [ 0.07138782]
 [ 0.18864867]
 [-0.04974763]
 [-0.1650209 ]
 [ 0.00626963]
 [-0.01574969]
 [ 0.17088868]
 [ 0.03394241]
 [-0.00878405]
 [-0.02480139]
 [-0.13512778]
 [-0.14770533]
 [ 0.1709982 ]
 [-0.09418768]
 [-0.16725044]
 [ 0.0066681 ]
 [-0.15114957]
 [ 0.10473062]
 [-0.19107775]
 [-0.19464952]
 [ 0.09486826]
 [ 0.03622247]
 [ 0.16551064]
 [-0.11674285]
 [ 0.20559454]
 [-0.05248579]
 [ 0.18000463]
 [ 0.08483923]
 [-0.08103956]
 [ 0.11314895]
 [ 0.07155878]
 [-0.13758563]
 [-0.19728698]
 [-0.20271151]
 [-0.05290617]
 [-0.11080097]
 [ 0.18718323]
 [-0.01921476]
 [ 0.20358276]
 [ 0.19680159]
 [-0.21168742]
 [-0.22401945]
 [-0.06008425]
 [ 0.02879128]
 [-0.01782837]
 [-0.08847546]
 [ 0.17643817]]
dense/bias:0
(1,)
[0.03923912]
