embedding_4/embeddings:0
(5, 2)
[[-1.1619313  -1.1139946 ]
 [-0.8919199   1.0861666 ]
 [ 0.61130244 -0.4203011 ]
 [ 0.24405953  0.7134122 ]
 [ 1.3214066  -1.7397095 ]]
simple_rnn_4/simple_rnn_cell_4/kernel:0
(2, 3)
[[-2.687841   1.6943733  1.06879  ]
 [-0.0924452 -1.5749061 -2.1080856]]
simple_rnn_4/simple_rnn_cell_4/recurrent_kernel:0
(3, 3)
[[ 0.7826308  -0.38225895 -0.4912913 ]
 [-0.4590578   0.1786235  -0.8702642 ]
 [ 0.42042238  0.90662664 -0.03568283]]
simple_rnn_4/simple_rnn_cell_4/bias:0
(3,)
[-1.062547   -2.4128165   0.42428043]
dense_4/kernel:0
(3, 5)
[[-1.9233756   2.2264063   1.5656792  -2.2889066  -2.2127805 ]
 [ 3.9490163  -0.9337953  -1.0310645  -0.11758298 -2.042444  ]
 [ 1.7492172   1.5577862  -2.8455477   2.6744409  -0.7164338 ]]
dense_4/bias:0
(5,)
[ 0.7106573  -0.1671214  -0.53351235  0.25771427 -0.43416294]
