simple_rnn/simple_rnn_cell/kernel:0
(5, 3)
[[ 1.6405725  -1.6475335   1.1824107 ]
 [-1.4844407   0.38534558  0.3158351 ]
 [-0.5737104   1.9111735   0.6007031 ]
 [-0.01789479  0.0644849  -0.03992732]
 [-1.2353964  -1.5911487   0.30409393]]
simple_rnn/simple_rnn_cell/recurrent_kernel:0
(3, 3)
[[-0.95257324 -1.2601364  -0.9957727 ]
 [ 0.53355676  0.8165448  -0.5753768 ]
 [ 1.2265632   0.11047775 -1.9445214 ]]
simple_rnn/simple_rnn_cell/bias:0
(3,)
[ 0.15072098 -0.09501335  0.04566699]
dense/kernel:0
(3, 5)
[[-1.8159219   0.9253983  -0.97338057 -0.72544223  1.0812277 ]
 [-1.9592171  -1.0720766  -1.5611949   1.403021    1.5460337 ]
 [ 1.1815283   1.40943    -1.7249035   1.5849348  -1.3001432 ]]
dense/bias:0
(5,)
[-0.7018192   0.06682301  0.28140077 -0.01011475 -0.03448495]
