simple_rnn_11/simple_rnn_cell_11/kernel:0
(5, 3)
[[ 0.06645165 -2.104314    1.8370265 ]
 [-2.5618536   1.0372667   1.0856631 ]
 [ 1.4625955   1.9621832   1.8522216 ]
 [ 0.45230532  0.80745745 -1.2672908 ]
 [-1.9447206  -2.1390803  -1.4054457 ]]
simple_rnn_11/simple_rnn_cell_11/recurrent_kernel:0
(3, 3)
[[-0.87483037 -0.18346582 -0.44834363]
 [-0.311412    0.9219252   0.23038337]
 [ 0.37107185  0.34116596 -0.86366165]]
simple_rnn_11/simple_rnn_cell_11/bias:0
(3,)
[ 0.56909347  0.339149   -0.24334246]
dense_11/kernel:0
(3, 5)
[[-1.8691959  0.7345425 -2.1057749  2.1691582  1.2987525]
 [-1.8359067 -2.234839   1.0776536  1.759793   1.5372558]
 [-2.073923   2.027331   1.3114288  2.4741764 -2.294705 ]]
dense_11/bias:0
(5,)
[ 0.07764796  0.34175214  0.4488616  -1.1139476  -0.02294287]
