embedding_6/embeddings:0
(26, 2)
[[-0.17134434 -0.0588328 ]
 [ 0.48298505 -0.29568887]
 [-0.50647205 -0.32855123]
 [-0.08153078  0.26490262]
 [ 0.80342233  0.33894518]
 [-0.09257218 -0.12754248]
 [-0.60982734 -0.40526366]
 [-0.6234452   0.55873984]
 [-0.35093546 -0.01696187]
 [-0.66417456  0.42937666]
 [ 0.01954607 -0.7787216 ]
 [ 0.5909394   0.09213583]
 [ 0.6800656  -0.51626277]
 [-0.21756245  0.0939664 ]
 [-0.4702522  -0.26665464]
 [ 0.42895082 -0.5040485 ]
 [-0.1633494   0.7702401 ]
 [-0.7968223  -0.1843254 ]
 [-0.8222501   0.50653887]
 [-0.41311097  0.8265741 ]
 [-0.51410633 -0.47023433]
 [ 0.06701621  0.38658452]
 [ 0.6396293  -0.6917697 ]
 [ 0.55572104 -0.7410609 ]
 [ 0.90043175 -0.58206284]
 [-0.0353582   0.01978463]]
simple_rnn_6/simple_rnn_cell_6/kernel:0
(2, 10)
[[-1.5834877   0.4649675   0.6632661   0.13442011  0.52833015 -1.3089114
  -1.1368816  -1.5132328  -0.47055072 -1.2855797 ]
 [ 1.1251419  -1.2747244  -1.1008855  -0.7393316   1.0162327   0.30867642
   1.0271769  -1.1874338  -1.2636516   0.5890294 ]]
simple_rnn_6/simple_rnn_cell_6/recurrent_kernel:0
(10, 10)
[[ 1.2409241   0.34037033 -0.48027474 -1.0096605   0.11019207  1.0242581
   1.1409478   0.23139057 -1.2455906  -0.8633769 ]
 [-1.4611679  -0.23128302  0.2440092   0.17176282  1.3699311  -1.197839
  -0.6526166  -0.87249583 -0.71747535  0.45932326]
 [-0.10595864 -1.1387551  -1.1646655  -0.4234044  -1.2217225  -1.5511767
  -0.78808755 -0.59014314  0.4354043   0.5808094 ]
 [ 0.00292031  0.87292445 -0.01163046 -0.10576391  1.2524961  -1.2945914
   0.9810767  -0.81379265  0.07864353 -0.724061  ]
 [-1.1258335   0.99498016 -1.2262405  -1.0223666  -0.90781087  0.67064583
  -0.4065658   0.5034961   0.3131154  -1.5836757 ]
 [-0.06669468 -0.9164836   1.1645772  -0.44579652 -0.09613921  0.74185723
  -0.7064347   0.40515304 -0.53498363 -0.2875295 ]
 [-0.0935361   0.6446272   0.7642004  -0.1542678   0.50249326  0.27004036
   0.64466155  1.3192787  -1.3998988  -0.77392995]
 [ 0.7562336  -0.13483602  0.8047679  -1.4704461   0.5478327   0.39755633
  -0.49697155 -0.4513374  -1.2044024   0.93421537]
 [ 0.9211495   1.3625478  -0.57557017  0.97025365  1.0067059  -0.5681327
   0.40169755 -0.55522454 -0.49145183  0.27580056]
 [ 1.0802134   0.27769658 -1.3870595   0.84647006  0.19938454  0.03186309
   0.44399542  1.4118068   0.3802435  -0.91726553]]
simple_rnn_6/simple_rnn_cell_6/bias:0
(10,)
[-0.11222827  0.19746777  0.18577258  0.14496346  0.09828332 -0.1418674
  0.01448336 -0.12539646  0.01972993 -0.03114692]
dense_6/kernel:0
(10, 26)
[[ 0.03304176  0.02741524 -0.18108936 -0.00980614  1.0101428  -1.0495671
  -1.132782    1.3390253   1.5297519  -0.03820435  1.5088838   1.3150531
  -1.4644346  -0.90703106 -0.9699208  -1.0689702  -0.9201425  -1.4195541
   0.74132544  1.3851527   1.3736582   1.1667401   1.1608264  -1.7556638
  -0.7308565  -1.1282518 ]
 [-0.17163879 -0.35059002 -0.3164239   0.12097375  0.595615    0.31670317
  -1.4432833  -0.95808065  0.41624948  1.0251298  -1.1859933  -1.1639404
  -0.84532034 -1.7489616   0.21762705  0.74754417  0.68660325 -0.39481592
   0.76929396  1.4287415  -1.2344649  -0.5061834  -0.94037086 -0.88811785
   0.7588238   1.2070893 ]
 [ 0.60171396  0.22832148  0.40786085  0.26413807 -1.5316714  -1.1542506
   0.88437676 -1.1520296  -0.89848596 -0.28570125  0.6697601  -0.3734681
   0.5183078  -1.0518517   1.0627493  -0.75358933  1.3329334  -1.230501
  -0.29690108  0.85833055 -1.0272835   0.7385543   1.2120062  -0.77373385
   0.9926306  -0.85417026]
 [-0.0140852  -0.36359447 -0.10279902 -0.02405586  0.47055247  1.4229265
   0.29381165  0.90320307  0.98256254 -0.84511125 -0.87165135 -1.3465503
  -1.2135564   1.3574972   0.7088762   0.908423   -0.54968905 -1.2054344
   0.782267   -0.7719486  -1.0857887  -0.9706885  -0.29218408 -0.39007193
   1.4155627   0.9164823 ]
 [-0.19760232 -0.15875892  0.09723106 -0.15240237  1.196123    0.9417812
   1.2718587  -1.0501944   0.56805205  0.52108324  1.7899208  -0.49777713
  -0.60062486 -0.45878717  0.62635106  0.91086894  0.6280977  -0.823583
  -0.9865739   0.93315196 -1.1937919  -1.5819733  -1.5476072  -0.96152645
   1.017073   -1.0540864 ]
 [-0.03813083 -0.43675104 -0.02575287 -0.00607894 -0.9021568  -0.5951406
   1.3194777  -1.5336348  -1.0529206   1.2901138   0.9150041   1.3374954
  -1.3337315  -1.1952227  -0.99327517 -1.0056825  -0.55081767  0.5585186
   1.1116619   1.1029941   0.650158    1.1198941   1.2934474   1.8264909
  -0.87008685 -0.8235834 ]
 [ 0.08216172  0.2689431   0.13157067 -0.19678882  0.37501618  0.6584903
  -1.3699181  -0.82570606  0.8453476   1.1164627  -0.01176098 -1.3618169
  -0.8289221  -0.6792208   1.0419006   0.94439864  0.8830653  -1.0415164
   0.75527465  1.0073509   0.9072499  -0.38041046 -1.5479952  -0.6791139
  -1.5364916  -1.321996  ]
 [-0.3311318  -0.2793946  -0.23830572 -0.3350539  -1.1717025  -1.30864
  -0.48494926  0.9362414   1.2508398   1.289474    1.0849947   1.302773
  -1.1838658   0.97746795 -1.2069721   1.4321358  -1.1576216  -0.6891381
   0.96523136 -1.2615274   1.1374604   1.4637135  -1.1362967   0.8830026
  -0.5986494  -0.92777866]
 [ 0.3209565   0.09241169  0.3545662   0.03603529  0.61447746 -1.4002484
  -1.1390191   0.7169402  -1.4373896  -1.1733054  -0.5625068   1.5532228
  -1.0173377   0.38098252  1.2071365   1.3679527  -1.0688181   1.172867
   1.0680219  -0.9956855  -1.0960914  -1.2474045   0.0612847   0.91383606
  -1.6189319   0.72471416]
 [-0.5766533  -0.4464407  -0.4675744  -0.36459562  1.3024839  -1.0777615
   0.73139274  1.2085972  -1.0775495  -0.83837944  0.95212823 -0.8259457
   0.9018023  -0.9666422   1.161316   -0.9668923  -1.5868225   1.2247287
   0.9159996   0.72153765 -1.5196836   1.2603956   0.71954304 -1.4663327
   0.95943403 -0.9103767 ]]
dense_6/bias:0
(26,)
[-0.46357223 -0.44087628 -0.46545225 -0.46657166  0.68429714  0.22392142
  0.5371113   0.11262412  0.4945683   0.59221345  0.43198073 -0.25569212
  0.27281862  0.7287511   0.3861237  -0.12129854  0.20660453  0.66870546
  0.8289886  -0.1703037  -0.3107618  -0.10707688  0.06807826  0.40356836
 -0.20483172 -0.01319252]
